Kansas
, ---------------
, 37, -6, 51, 19, 7, 33, 6, 33, 15, 42, 13, 25, 28, 3, 10, -11, 16, 87, 39, 18, 8, 4, 12, 497, 718, 462, 
, ===============
, Texas
, ---------------
, -6, 11, -11, 12, -6, 7, 10, 66, 2, 12, 2, -5, -8, 3, -1, 3, 16, 75, 36, 12, 5, 5, 11, 440, 627, 349, 
, ===============
, West Virginia
, ---------------
, 46, 13, 41, 53, 8, 22, 33, -16, 42, 18, 25, 25, 4, 8, 17, 11, 16, 85, 41, 16, 11, 3, 14, 470, 663, 313, 
, ===============
, Oklahoma
, ---------------
, 6, 29, 33, 17, 43, 23, 23, 13, 28, 3, 12, 4, -3, 10, 2, 15, 87, 44, 16, 7, 6, 13, 479, 713, 461, 
, ===============
, Iowa State
, ---------------
, 6, 42, 20, 22, 11, 20, 21, 1, 14, -2, 2, 20, -4, 7, -5, -3, 16, 86, 39, 17, 7, 4, 11, 502, 690, 358, 
, ===============
, Texas Tech
, ---------------
, 4, -10, 2, 13, 8, 15, 19, 12, 40, 12, 15, 8, -7, -10, -13, 15, 75, 37, 13, 5, 4, 12, 451, 730, 304, 
, ===============
, Baylor
, ---------------
, 42, -7, 17, 39, 22, 39, 2, 13, 45, -19, 15, 13, -28, 17, 5, 28, 16, 82, 41, 22, 8, 4, 1