Kansas
, ---------------
, 37, -6, 51, 19, 7, 33, 6, 33, 15, 42, 13, 25, 28, 3, 10, -11, 7, -19, 9, -13, 6, 18, 19, 10, 4, 27, 9, 6, 9, 30, 30, 82, 38, 16, 7, 4, 12, 493, 703, 430, 
, ===============
, Texas
, ---------------
, -6, 11, -11, 12, -6, 7, 10, 66, 2, 12, 2, -5, -8, 3, -1, 3, 5, 7, -9, 17, 14, 8, 10, -3, -10, 7, -14, 1, 13, -30, 30, 72, 35, 11, 5, 4, 11, 433, 667, 341, 
, ===============
, West Virginia
, ---------------
, 46, 13, 41, 53, 8, 22, 33, -16, 42, 18, 25, 25, 4, 8, 17, 11, -2, -7, 4, 15, -17, 5, 11, -10, 31, -7, -14, 10, 14, 29, 80, 40, 15, 10, 2, 14, 449, 665, 320, 
, ===============
, Oklahoma
, ---------------
, 6, 29, 33, 17, 43, 23, 23, 13, 28, 3, 12, 4, -3, 10, 2, 2, -5, 10, 24, 2, 23, -11, 3, -4, -2, 14, 22, -13, 28, 81, 40, 15, 7, 5, 12, 458, 724, 428, 
, ===============
, Iowa State
, ---------------
, 6, 42, 20, 22, 11, 20, 21, 1, 14, -2, 2, 20, -4, 7, -5, -3, 13, 5, 13, 13, -10, -5, 5, -3, 10, -9, 9, -10, 19, 8, 30, 82, 36, 17, 6, 4, 11, 503, 701, 380, 
, ===============
, Texas Tech
, ---------------
, 4, -10, 2, 13, 8, 15, 19, 12, 40, 12, 15, 8, -7, -10, -13, -3, 7, -4, -24, -7, 2, -10, 3, 18, 2, 10, 4, -9, 28, 73, 35, 13, 6, 4, 12, 441, 751, 341, 
, ===============
, Baylor
, ---------------
, 42, -7, 17, 39, 22, 39, 2, 13, 45, -19, 15, 13, -28, 17, 5, 28, 3, 7, -10, 4, 10, -8, -11, 10, -18, 9, 14, -6, 15, 29, 78, 38, 19, 8, 4, 13, 472, 740, 374, 
, ===============
, Oklahoma State
, ---------------
, 34, 14, 17, -3, 5, 6, -10, -1, 2, 18, -2, 18, 21, -17, -17, -2, -5, 19, -16, -4, 11, -2, -5, -7, 3, -27, -10, -22, -14, -8, 30, 67, 35, 12, 6, 4, 13, 423, 737, 329, 
, ===============
, Kansas State
, ---------------
, 27, 10, 21, 24, -10, 2, 2, 25, -10, 5, 14, 28, -4, -3, -10, 13, -13, -7, 16, -15, 5, -18, 11, -10, -3, 14, -9, -1, -19, 29, 71, 37, 14, 8, 3, 14, 426, 689, 290, 
, ===============
, TCU
, ---------------
, 13, 27, -9, -6, 11, -5, 27, -25, 18, 11, 4, 28, -21, -8, 1, -28, -7, -7, -13, -17, 12, -23, -19, 7, -31, -14, -9, -4, -15, 29, 67, 34, 12, 6, 4, 15, 408, 664, 340